"File name:", "C:\Documents and Settings\XPMUser\デスクトップ\Norway_COEXST\20140821_W190PD3GT_34839_Skinny_2floats.obj\20140821_W190PD3GT_34839_Skinny_2floats.obj"
"Channel:", "Acceleration-Z"
"Units:", "count"
"Total record:",  1
"Record No.:",  1
"Start location:", 0
"Start date:", "2014/08/21"
"Start time:", "10:10:00"
"Data size:", 467035
"Interval(Sec):", 0.0625000
2453.000
2450.000
2452.000
2450.000
2449.000
2450.000
2442.000
2453.000
2447.000
2444.000
2447.000
2444.000
2444.000
2455.000
2442.000
2454.000
2430.000
2419.000
2430.000
2442.000
2468.000
2411.000
2431.000
2437.000
2413.000
2474.000
2393.000
2424.000
2456.000
2251.000
2449.000
2396.000
2491.000
2579.000
2475.000
2414.000
2442.000
2381.000
2491.000
2425.000
2430.000
2410.000
2448.000
2400.000
2418.000
2426.000
2411.000
2411.000
2409.000
2417.000
2414.000
2420.000
2405.000
2420.000
2419.000
2413.000
2416.000
2414.000
2420.000
2416.000
2416.000
2421.000
2407.000
2427.000
2411.000
2425.000
2409.000
2416.000
2426.000
2412.000
2423.000
2420.000
2414.000
2421.000
2408.000
2418.000
2418.000
2417.000
2414.000
2415.000
2414.000
2417.000
2417.000
2417.000
2420.000
2412.000
2413.000
2421.000
2404.000
2425.000
2403.000
2408.000
2438.000
2362.000
2410.000
2315.000
2428.000
2284.000
2334.000
2403.000
2381.000
2413.000
2252.000
2256.000
2269.000
2285.000
2314.000
2311.000
2301.000
2321.000
2337.000
2408.000
2410.000
2297.000
2251.000
2280.000
2329.000
2325.000
2264.000
2411.000
2176.000
2362.000
2345.000
2388.000
2342.000
2386.000
2364.000
2371.000
2362.000
2371.000
2374.000
2369.000
2389.000
2375.000
2372.000
2391.000
2383.000
2413.000
2368.000
2375.000
2385.000
2380.000
2375.000
2393.000
2378.000
2377.000
2376.000
2381.000
2378.000
2392.000
2380.000
2386.000
2385.000
2386.000
2391.000
2400.000
2396.000
2391.000
2392.000
2386.000
2393.000
2401.000
2389.000
2370.000
2379.000
2402.000
2390.000
2466.000
2613.000
2430.000
2379.000
2349.000
2401.000
2424.000
2401.000
2415.000
2412.000
2458.000
2444.000
2460.000
2474.000
2441.000
2426.000
2493.000
2370.000
2411.000
2368.000
2422.000
2364.000
2721.000
2016.000
2390.000
2287.000
2124.000
3005.000
3266.000
2672.000
2447.000
2460.000
2038.000
766.000
2354.000
2353.000
2480.000
2308.000
2556.000
2524.000
2459.000
2534.000
2480.000
2524.000
2551.000
2592.000
2343.000
2504.000
2527.000
2448.000
2438.000
2521.000
2507.000
2508.000
2445.000
2532.000
2493.000
2494.000
2505.000
2335.000
2417.000
2246.000
2084.000
2250.000
2256.000
2362.000
2284.000
2295.000
2023.000
2035.000
2330.000
2148.000
2331.000
2129.000
2331.000
2304.000
2261.000
2206.000
2168.000
2152.000
1973.000
2010.000
2119.000
2260.000
2186.000
2346.000
2069.000
2707.000
2412.000
2468.000
2454.000
2466.000
2341.000
2417.000
2720.000
2389.000
2555.000
2310.000
2614.000
2399.000
2339.000
2290.000
2374.000
1877.000
1604.000
1473.000
1616.000
1737.000
1913.000
2396.000
2432.000
2475.000
2486.000
2291.000
2609.000
2634.000
2715.000
2397.000
2535.000
2409.000
3446.000
2496.000
2492.000
2486.000
2481.000
2476.000
2481.000
2483.000
2490.000
2493.000
2495.000
2498.000
2502.000
2492.000
2494.000
2495.000
2490.000
2488.000
2489.000
2486.000
2486.000
2486.000
2487.000
2487.000
2488.000
2487.000
2488.000
2488.000
2488.000
2490.000
2486.000
2486.000
2487.000
2490.000
2487.000
2490.000
2486.000
2487.000
2490.000
2489.000
2488.000
2490.000
2488.000
2487.000
2490.000
2488.000
2488.000
2489.000
2487.000
2488.000
2488.000
2489.000
2489.000
2489.000
2486.000
2488.000
2491.000
2486.000
2488.000
2491.000
2488.000
2488.000
2490.000
2488.000
2488.000
2490.000
2488.000
2489.000
2488.000
2487.000
2487.000
2487.000
2488.000
2486.000
2489.000
2487.000
2486.000
2488.000
2488.000
2488.000
2489.000
2486.000
2489.000
2488.000
2488.000
2490.000
2489.000
2489.000
2488.000
2488.000
2488.000
2491.000
2488.000
2488.000
2489.000
2488.000
2486.000
2490.000
2487.000
2487.000
2490.000
2488.000
2487.000
2492.000
2488.000
2487.000
2490.000
2489.000
2488.000
2490.000
2488.000
2486.000
2488.000
2489.000
2486.000
2491.000
2489.000
2486.000
2489.000
2486.000
2489.000
2488.000
2489.000
2489.000
2490.000
2489.000
2489.000
2488.000
2488.000
2489.000
2487.000
2486.000
2488.000
2488.000
2489.000
2488.000
2489.000
2486.000
2490.000
2488.000
2488.000
2489.000
2488.000
2488.000
2490.000
2487.000
2487.000
2490.000
2485.000
2489.000
2489.000
2488.000
2492.000
2485.000
2488.000
2489.000
2488.000
2488.000
2489.000
2488.000
2487.000
2489.000
2490.000
2487.000
2490.000
2487.000
2488.000
2488.000
2488.000
2488.000
2488.000
2487.000
2491.000
2487.000
2487.000
2488.000
2486.000
2488.000
2489.000
2488.000
2488.000
2489.000
2488.000
2488.000
2489.000
2488.000
2492.000
2487.000
2482.000
2489.000
2490.000
2487.000
2489.000
2487.000
2489.000
2493.000
2634.000
2509.000
2323.000
2198.000
2201.000
2210.000
2373.000
2248.000
2192.000
2157.000
2236.000
2199.000
2122.000
2282.000
2216.000
2397.000
2333.000
2124.000
2139.000
2072.000
2045.000
2025.000
2051.000
2054.000
2009.000
2099.000
2038.000
1960.000
1923.000
1844.000
1798.000
1726.000
1776.000
1742.000
1727.000
1706.000
1718.000
1725.000
1731.000
1704.000
1722.000
1705.000
1701.000
1711.000
1714.000
1704.000
1701.000
1701.000
1697.000
1703.000
1698.000
1696.000
1694.000
1691.000
1702.000
1703.000
1692.000
1688.000
1675.000
1692.000
1688.000
1716.000
1653.000
1700.000
1671.000
1635.000
1716.000
1693.000
1747.000
1727.000
1645.000
1733.000
1701.000
1800.000
1745.000
1752.000
1802.000
1686.000
1667.000
1691.000
1730.000
1745.000
1782.000
1768.000
1699.000
1717.000
1724.000
1680.000
1662.000
1770.000
1782.000
1837.000
1738.000
1740.000
1764.000
1693.000
1707.000
1778.000
1803.000
1790.000
1706.000
1781.000
1630.000
1608.000
1850.000
1795.000
1800.000
2549.000
1724.000
1766.000
1636.000
1675.000
1710.000
1799.000
1747.000
1719.000
1718.000
1584.000
1762.000
1760.000
1765.000
1749.000
1717.000
1677.000
1805.000
1544.000
1765.000
1742.000
1614.000
1592.000
1577.000
1849.000
1827.000
1786.000
1707.000
1720.000
1609.000
1829.000
1782.000
1811.000
1587.000
1665.000
1605.000
1614.000
1684.000
1736.000
1761.000
1622.000
1642.000
1739.000
1609.000
1746.000
1723.000
1685.000
1712.000
1629.000
1592.000
1607.000
1641.000
1691.000
1657.000
1659.000
1674.000
1687.000
1680.000
1654.000
1688.000
1671.000
1692.000
1651.000
1659.000
1643.000
1667.000
1667.000
1629.000
1727.000
1696.000
1505.000
1725.000
1623.000
1799.000
1824.000
1574.000
1659.000
1720.000
1904.000
1904.000
1904.000
1834.000
1945.000
1747.000
1835.000
1893.000
1943.000
1919.000
1911.000
1947.000
1851.000
1834.000
1853.000
1856.000
1753.000
1922.000
1983.000
1900.000
1748.000
1739.000
1891.000
1873.000
1931.000
2085.000
1975.000
1986.000
2033.000
1956.000
2074.000
2105.000
2143.000
2126.000
2122.000
2022.000
1889.000
2047.000
2080.000
2001.000
2116.000
2039.000
2114.000
2115.000
2175.000
2033.000
2035.000
1894.000
2017.000
1839.000
1818.000
1915.000
1887.000
2070.000
1867.000
1848.000
2133.000
1787.000
1865.000
1943.000
1928.000
1809.000
1761.000
1599.000
1592.000
1647.000
1670.000
1506.000
1629.000
1628.000
1646.000
1645.000
1678.000
1680.000
1682.000
1671.000
1674.000
1683.000
1680.000
1679.000
1692.000
1690.000
1647.000
1708.000
1685.000
1624.000
1616.000
1597.000
1599.000
1598.000
1604.000
1616.000
1629.000
1647.000
1680.000
1722.000
1746.000
1754.000
1770.000
1799.000
1837.000
1895.000
1962.000
2040.000
2136.000
2237.000
2404.000
2338.000
2327.000
2331.000
2333.000
2317.000
2331.000
2398.000
2290.000
2352.000
2339.000
1974.000
2216.000
2440.000
2433.000
2423.000
2542.000
3058.000
2835.000
2144.000
2459.000
2641.000
2294.000
2499.000
2487.000
2436.000
2457.000
2341.000
2372.000
2327.000
2367.000
2143.000
1870.000
1583.000
1602.000
1791.000
1722.000
1803.000
1696.000
1618.000
1619.000
1632.000
1646.000
1699.000
1694.000
1650.000
1652.000
1656.000
1674.000
1700.000
1647.000
1701.000
1565.000
1721.000
2141.000
2314.000
2248.000
2222.000
2243.000
2268.000
2271.000
2275.000
2328.000
2401.000
2465.000
2478.000
2494.000
2502.000
2497.000
2495.000
2498.000
2496.000
2499.000
2501.000
2495.000
2502.000
2492.000
2483.000
2490.000
2464.000
2467.000
2427.000
2441.000
2419.000
2365.000
2270.000
2207.000
2291.000
2265.000
2271.000
2264.000
2163.000
2005.000
1995.000
2004.000
1992.000
1956.000
1995.000
2022.000
1997.000
2085.000
2067.000
2026.000
1865.000
1740.000
1530.000
1577.000
1634.000
1556.000
1584.000
1576.000
1580.000
1577.000
1577.000
1584.000
1566.000
1580.000
1749.000
1569.000
1541.000
1616.000
1623.000
1607.000
1638.000
1632.000
1624.000
1613.000
1361.000
1703.000
1549.000
1595.000
1616.000
1604.000
1574.000
1691.000
1622.000
1589.000
1595.000
1572.000
1572.000
1588.000
1577.000
1608.000
1574.000
1631.000
1626.000
1596.000
1585.000
1579.000
1573.000
1573.000
1569.000
1569.000
1569.000
1572.000
1575.000
1570.000
1557.000
1573.000
1575.000
1559.000
1567.000
1568.000
1569.000
1567.000
1559.000
1574.000
1568.000
1570.000
1567.000
1569.000
1567.000
1581.000
1585.000
1580.000
1578.000
1586.000
1580.000
1570.000
1568.000
1567.000
1569.000
1567.000
1578.000
1559.000
1566.000
1566.000
1568.000
1567.000
1566.000
1567.000
1569.000
1567.000
1566.000
1572.000
1568.000
1568.000
1567.000
1568.000
1566.000
1559.000
1563.000
1574.000
1571.000
1575.000
1559.000
1563.000
1570.000
1562.000
1564.000
1566.000
1568.000
1571.000
1570.000
1570.000
1568.000
