"File name:", "C:\Documents and Settings\XPMUser\デスクトップ\Norway_COEXST\20140821_W190PD3GT_34839_Skinny_2floats.obj\20140821_W190PD3GT_34839_Skinny_2floats.obj"
"Channel:", "Acceleration-Y"
"Units:", "count"
"Total record:",  1
"Record No.:",  1
"Start location:", 0
"Start date:", "2014/08/21"
"Start time:", "10:10:00"
"Data size:", 467035
"Interval(Sec):", 0.0625000
2231.000
2232.000
2237.000
2234.000
2234.000
2236.000
2234.000
2237.000
2231.000
2236.000
2236.000
2234.000
2233.000
2236.000
2240.000
2292.000
2209.000
2238.000
2160.000
2177.000
2268.000
2262.000
2216.000
2236.000
2213.000
2183.000
2131.000
2147.000
2099.000
2129.000
2164.000
2078.000
2051.000
1997.000
1969.000
1944.000
1858.000
1902.000
1905.000
1864.000
1926.000
1940.000
1874.000
1890.000
1876.000
1880.000
1912.000
1870.000
1896.000
1900.000
1903.000
1893.000
1897.000
1894.000
1909.000
1906.000
1902.000
1901.000
1906.000
1901.000
1907.000
1898.000
1923.000
1885.000
1925.000
1900.000
1903.000
1910.000
1909.000
1905.000
1908.000
1910.000
1905.000
1912.000
1903.000
1906.000
1913.000
1897.000
1914.000
1906.000
1908.000
1911.000
1904.000
1912.000
1906.000
1907.000
1910.000
1910.000
1917.000
1906.000
1934.000
1910.000
1932.000
1950.000
1995.000
2001.000
2146.000
2073.000
2086.000
2075.000
2111.000
2309.000
2242.000
2256.000
2379.000
2271.000
2370.000
2362.000
2369.000
2406.000
2395.000
2313.000
2323.000
2323.000
2363.000
2397.000
2389.000
2412.000
2383.000
2449.000
2407.000
2363.000
2337.000
2347.000
2344.000
2339.000
2340.000
2341.000
2344.000
2340.000
2333.000
2327.000
2327.000
2327.000
2328.000
2385.000
2312.000
2313.000
2330.000
2330.000
2328.000
2327.000
2327.000
2322.000
2331.000
2330.000
2329.000
2331.000
2326.000
2320.000
2327.000
2321.000
2319.000
2321.000
2313.000
2312.000
2316.000
2316.000
2316.000
2317.000
2314.000
2314.000
2321.000
2326.000
2327.000
2320.000
2345.000
2326.000
2249.000
2226.000
2201.000
2201.000
2172.000
2181.000
2193.000
2183.000
2171.000
2178.000
2181.000
2173.000
2195.000
2194.000
2199.000
2188.000
2200.000
2159.000
2146.000
2116.000
2101.000
2074.000
2092.000
2018.000
1945.000
2092.000
2080.000
2401.000
2184.000
1860.000
2061.000
2052.000
1870.000
1997.000
2036.000
2019.000
2084.000
2051.000
2054.000
2007.000
2016.000
2009.000
2004.000
2020.000
2005.000
2043.000
2027.000
1996.000
1998.000
1985.000
1987.000
1938.000
1956.000
1968.000
1950.000
1933.000
1914.000
1868.000
1959.000
1857.000
1972.000
2055.000
2034.000
2062.000
2014.000
2022.000
2039.000
1935.000
1921.000
2123.000
2039.000
1905.000
1902.000
1992.000
2032.000
2006.000
1904.000
1894.000
1868.000
1862.000
1866.000
1862.000
1901.000
1853.000
1852.000
1906.000
1941.000
1866.000
1901.000
1897.000
1891.000
2052.000
1953.000
1873.000
1906.000
1864.000
1967.000
1995.000
1989.000
1897.000
1964.000
1936.000
2005.000
2069.000
2063.000
2071.000
1861.000
2119.000
2018.000
2077.000
2276.000
2232.000
2140.000
2013.000
1864.000
1846.000
1946.000
2000.000
2021.000
2475.000
2023.000
2021.000
2019.000
2022.000
2019.000
2019.000
2023.000
2020.000
2025.000
2019.000
2025.000
2020.000
2025.000
2026.000
2020.000
2026.000
2022.000
2022.000
2026.000
2024.000
2024.000
2026.000
2022.000
2025.000
2024.000
2021.000
2028.000
2023.000
2023.000
2026.000
2023.000
2025.000
2027.000
2024.000
2024.000
2024.000
2025.000
2025.000
2023.000
2025.000
2023.000
2025.000
2024.000
2024.000
2025.000
2025.000
2024.000
2027.000
2025.000
2026.000
2025.000
2024.000
2024.000
2025.000
2024.000
2023.000
2025.000
2024.000
2023.000
2024.000
2024.000
2023.000
2026.000
2024.000
2022.000
2028.000
2023.000
2024.000
2025.000
2023.000
2023.000
2026.000
2023.000
2024.000
2023.000
2023.000
2023.000
2027.000
2026.000
2024.000
2024.000
2023.000
2027.000
2023.000
2023.000
2023.000
2023.000
2023.000
2025.000
2024.000
2024.000
2026.000
2023.000
2023.000
2024.000
2024.000
2023.000
2023.000
2024.000
2023.000
2025.000
2024.000
2023.000
2026.000
2023.000
2023.000
2025.000
2023.000
2024.000
2025.000
2024.000
2022.000
2026.000
2024.000
2023.000
2024.000
2022.000
2025.000
2024.000
2023.000
2028.000
2023.000
2023.000
2025.000
2022.000
2024.000
2025.000
2022.000
2024.000
2025.000
2024.000
2025.000
2026.000
2025.000
2022.000
2025.000
2024.000
2023.000
2026.000
2024.000
2023.000
2024.000
2024.000
2027.000
2022.000
2024.000
2025.000
2023.000
2022.000
2025.000
2024.000
2019.000
2025.000
2021.000
2022.000
2025.000
2021.000
2022.000
2026.000
2021.000
2027.000
2024.000
2023.000
2026.000
2024.000
2023.000
2026.000
2022.000
2025.000
2025.000
2023.000
2027.000
2025.000
2024.000
2023.000
2022.000
2023.000
2023.000
2025.000
2026.000
2025.000
2025.000
2025.000
2023.000
2024.000
2023.000
2025.000
2024.000
2025.000
2024.000
2024.000
2023.000
2025.000
2023.000
2009.000
1998.000
1973.000
1935.000
1788.000
1758.000
1738.000
1622.000
1687.000
1691.000
1665.000
1610.000
1598.000
1603.000
1605.000
1589.000
1607.000
1653.000
1615.000
1633.000
1626.000
1617.000
1621.000
1640.000
1615.000
1598.000
1610.000
1624.000
1598.000
1632.000
1634.000
1664.000
1649.000
1670.000
1662.000
1670.000
1678.000
1678.000
1679.000
1686.000
1679.000
1692.000
1708.000
1664.000
1691.000
1699.000
1687.000
1683.000
1682.000
1690.000
1705.000
1703.000
1705.000
1704.000
1706.000
1705.000
1720.000
1721.000
1715.000
1707.000
1720.000
1728.000
1730.000
1731.000
1732.000
1768.000
1818.000
1843.000
1828.000
1959.000
1908.000
1794.000
1810.000
1847.000
1827.000
1923.000
1886.000
1904.000
1844.000
1838.000
1823.000
1908.000
1964.000
1968.000
1922.000
1924.000
1962.000
1937.000
1835.000
1926.000
2054.000
2049.000
2015.000
1981.000
1998.000
1909.000
1938.000
2027.000
2090.000
2066.000
2043.000
1916.000
1988.000
1875.000
1922.000
1916.000
2127.000
2045.000
1912.000
1997.000
1999.000
1897.000
1962.000
2135.000
2060.000
2098.000
1988.000
1963.000
1875.000
2021.000
2153.000
2009.000
2038.000
1993.000
1928.000
2030.000
2148.000
2123.000
2052.000
1981.000
1897.000
1919.000
2066.000
2157.000
1935.000
2013.000
2073.000
1932.000
2023.000
2140.000
1991.000
2120.000
1964.000
1793.000
1984.000
1991.000
2083.000
1993.000
1994.000
1955.000
1973.000
1909.000
2003.000
2059.000
2015.000
2000.000
1996.000
1733.000
1889.000
1943.000
1955.000
1948.000
1948.000
1953.000
1947.000
1973.000
1809.000
1929.000
1915.000
1871.000
1888.000
1886.000
1852.000
1884.000
1864.000
1854.000
1909.000
1824.000
1893.000
1758.000
1847.000
1880.000
1811.000
1715.000
1760.000
1767.000
1756.000
1743.000
1675.000
1608.000
1726.000
1703.000
1672.000
1678.000
1622.000
1641.000
1640.000
1622.000
1688.000
1677.000
1702.000
1710.000
1667.000
1657.000
1668.000
1746.000
1683.000
1687.000
1739.000
1743.000
1675.000
1776.000
1755.000
1736.000
1738.000
1678.000
1699.000
1679.000
1692.000
1659.000
1729.000
1720.000
1608.000
1612.000
1627.000
1631.000
1671.000
1656.000
1641.000
1644.000
1661.000
1686.000
1694.000
1705.000
1670.000
1763.000
1647.000
1691.000
1573.000
1670.000
1789.000
1799.000
1979.000
1823.000
1678.000
1905.000
1943.000
1987.000
1939.000
1902.000
1866.000
1955.000
2004.000
1961.000
1984.000
2016.000
2014.000
2037.000
2011.000
2013.000
1999.000
2035.000
2018.000
2021.000
2018.000
2019.000
2024.000
2029.000
2006.000
2016.000
1982.000
2018.000
2024.000
2021.000
2022.000
2022.000
2017.000
2022.000
2021.000
2016.000
2021.000
2019.000
2018.000
2019.000
2014.000
2016.000
2016.000
2014.000
2015.000
2012.000
2010.000
2014.000
2000.000
2010.000
2014.000
2012.000
2014.000
2011.000
2011.000
2007.000
2005.000
2012.000
2013.000
2026.000
2004.000
1996.000
1999.000
1975.000
2058.000
2021.000
1939.000
2040.000
2031.000
1911.000
1974.000
2013.000
1979.000
2131.000
2053.000
2019.000
2003.000
2014.000
2026.000
2013.000
2027.000
2019.000
2019.000
2156.000
2079.000
2025.000
2033.000
2055.000
2028.000
2026.000
2026.000
2033.000
2028.000
2027.000
2028.000
2028.000
1996.000
2022.000
2029.000
2020.000
1919.000
2072.000
2077.000
2029.000
2098.000
2027.000
2025.000
2025.000
2026.000
2034.000
2023.000
2028.000
2011.000
2022.000
2018.000
2015.000
2020.000
2017.000
2015.000
2018.000
2020.000
2019.000
2019.000
2016.000
2014.000
2018.000
2018.000
2010.000
2018.000
2014.000
2014.000
2014.000
2014.000
2011.000
2008.000
2018.000
2007.000
2010.000
2012.000
2009.000
2022.000
2010.000
2011.000
2017.000
2009.000
2012.000
2018.000
2009.000
2000.000
2010.000
2008.000
2020.000
2013.000
2045.000
2033.000
2025.000
2024.000
2019.000
2022.000
2029.000
2020.000
2025.000
2019.000
2022.000
1989.000
2006.000
2022.000
2060.000
2020.000
2042.000
2041.000
1956.000
2016.000
2024.000
2019.000
1924.000
2067.000
2072.000
2034.000
1999.000
2023.000
2016.000
2033.000
2002.000
2025.000
2017.000
2051.000
2029.000
2051.000
2021.000
2025.000
2055.000
2017.000
2017.000
2031.000
2023.000
2026.000
2003.000
2024.000
2026.000
2025.000
2002.000
2024.000
2026.000
2027.000
2015.000
2026.000
2025.000
2025.000
2026.000
2023.000
2025.000
2024.000
2025.000
2027.000
2022.000
2025.000
2025.000
2023.000
2025.000
2028.000
2001.000
2028.000
2026.000
2021.000
2007.000
2022.000
2027.000
2027.000
2025.000
2026.000
2022.000
2025.000
2026.000
2025.000
2022.000
2028.000
2027.000
2023.000
2025.000
2025.000
2024.000
2028.000
2023.000
2024.000
2030.000
2022.000
2027.000
2019.000
2021.000
2031.000
2024.000
2026.000
2018.000
2019.000
2024.000
2028.000
2024.000
2027.000
2019.000
2027.000
2027.000
2019.000
2032.000
