"File name:", "C:\Documents and Settings\XPMUser\デスクトップ\Norway_COEXST\20140821_W190PD3GT_34839_Skinny_2floats.obj\20140821_W190PD3GT_34839_Skinny_2floats.obj"
"Channel:", "Temperature"
"Units:", "C"
"Total record:",  1
"Record No.:",  1
"Start location:", 0
"Start date:", "2014/08/21"
"Start time:", "10:10:00"
"Data size:", 29190
"Interval(Sec):", 1.0000000
25.190
25.260
25.280
25.310
25.380
25.420
25.450
25.490
25.520
25.560
25.570
25.630
25.640
25.660
25.640
25.610
25.570
25.610
25.590
25.570
25.560
25.500
25.490
25.450
25.430
25.400
25.360
25.350
25.310
25.280
25.260
25.220
25.190
25.150
25.100
25.100
25.080
25.070
25.080
25.100
25.120
25.190
25.220
25.260
25.280
25.290
25.330
25.360
25.400
25.430
25.450
25.470
25.490
25.470
25.450
25.470
25.470
25.470
25.490
25.490
25.500
25.500
25.500
25.450
25.490
25.470
25.470
25.450
25.430
25.430
25.420
25.360
25.380
25.360
25.360
25.350
25.290
25.310
25.280
25.290
25.260
25.260
25.220
25.220
25.190
25.190
25.190
25.140
25.150
25.150
25.100
25.120
25.120
25.120
25.140
25.120
25.080
25.050
25.070
25.050
25.030
25.000
25.020
25.000
24.980
24.950
24.950
24.930
24.930
24.890
24.890
24.880
24.880
24.860
24.840
24.840
24.820
24.810
24.810
24.790
24.770
24.740
24.740
24.720
24.690
24.690
24.670
24.690
24.670
24.670
24.670
24.670
24.650
24.640
24.640
24.640
24.620
24.620
24.620
24.600
24.600
24.570
24.570
24.570
24.580
24.580
24.580
24.570
24.570
24.550
24.530
24.510
24.530
24.530
24.510
24.500
24.500
24.500
24.460
24.460
24.460
24.460
24.450
24.450
24.430
24.430
24.410
24.390
24.390
24.360
24.380
24.360
24.360
24.340
24.360
24.360
24.340
24.380
24.380
24.330
24.360
24.340
24.330
24.330
24.330
24.310
24.310
24.290
24.290
24.270
24.270
24.260
24.260
24.240
24.210
24.220
24.220
24.210
24.210
24.190
24.190
24.170
24.160
24.160
24.160
24.140
24.140
24.120
24.120
24.120
24.090
24.100
24.100
24.090
24.090
24.090
24.090
24.070
24.070
24.040
24.050
24.050
24.050
24.050
24.040
24.040
24.040
24.050
24.050
24.090
24.090
24.090
24.120
24.120
24.090
24.120
24.120
24.120
24.120
24.100
24.100
24.100
24.090
24.090
24.090
24.070
24.070
24.070
24.050
24.050
24.050
24.050
24.050
24.040
23.990
24.020
24.020
24.000
24.020
24.050
24.070
24.070
24.070
24.070
24.050
24.050
24.050
24.040
24.040
24.040
24.040
24.020
24.020
23.990
24.000
24.020
24.000
23.990
23.990
23.990
23.990
23.950
23.990
23.970
23.970
23.970
23.930
23.950
23.950
23.930
23.920
23.950
23.990
24.000
24.020
24.020
24.020
24.040
24.040
24.040
24.040
24.020
24.040
24.020
23.990
24.020
24.000
24.000
23.990
23.990
23.970
23.930
23.970
23.950
23.950
23.930
23.930
23.920
23.900
23.920
23.900
23.880
23.880
23.880
23.880
23.850
23.850
23.850
23.830
23.830
23.830
23.780
23.800
23.800
23.780
23.780
23.750
23.760
23.760
23.760
23.750
23.750
23.750
23.710
23.710
23.710
23.710
23.700
23.660
23.680
23.680
23.680
23.660
23.660
23.650
23.630
23.650
23.650
23.650
23.630
23.630
23.580
23.610
23.610
23.600
23.600
23.580
23.580
23.580
23.580
23.560
23.560
23.560
23.550
23.550
23.550
23.530
23.510
23.530
23.510
23.510
23.510
23.510
23.490
23.490
23.490
23.490
23.480
23.480
23.460
23.440
23.460
23.460
23.460
23.440
23.440
23.440
23.440
23.440
23.410
23.430
23.410
23.410
23.410
23.410
23.390
23.390
23.360
23.360
23.380
23.380
23.380
23.360
23.340
23.380
23.340
23.330
23.330
23.310
23.310
23.310
23.310
23.340
23.330
23.310
23.310
23.310
23.310
23.280
23.290
23.290
23.290
23.280
23.280
23.280
23.280
23.280
23.280
23.260
23.260
23.260
23.210
23.240
23.240
23.240
23.210
23.240
23.230
23.230
23.240
23.230
23.210
23.210
23.210
23.210
23.210
23.180
23.190
23.190
23.190
23.190
23.180
23.160
23.160
23.160
23.180
23.180
23.160
23.160
23.160
23.160
23.140
23.140
23.130
23.130
23.110
23.140
23.130
23.130
23.130
23.130
23.110
23.130
23.110
23.110
23.110
23.110
23.110
23.090
23.090
23.090
23.090
23.090
23.080
23.040
23.080
23.080
23.080
23.080
23.080
23.060
23.060
23.040
23.060
23.040
23.040
23.040
23.040
23.040
23.040
23.010
23.040
23.030
23.030
23.030
23.030
23.040
23.010
22.990
23.010
23.010
23.010
23.010
22.990
23.010
22.990
22.990
22.960
22.990
22.990
22.980
22.980
22.980
22.980
22.980
22.960
22.980
22.980
22.960
22.960
22.960
22.960
22.940
22.960
22.940
22.940
22.940
22.940
22.940
22.930
22.930
22.930
22.930
22.890
22.930
22.930
22.910
22.910
22.910
22.890
22.910
22.910
22.910
22.890
22.880
22.890
22.890
22.890
22.890
22.880
22.890
22.880
22.880
22.880
22.880
22.880
22.880
22.880
22.880
22.860
22.860
22.840
22.860
22.860
22.840
22.840
22.840
22.840
22.840
22.840
22.830
22.840
22.830
22.830
22.840
22.830
22.830
22.790
22.830
22.810
22.810
22.810
22.810
22.810
22.790
22.810
22.810
22.810
22.790
22.790
22.790
22.780
22.790
22.780
22.790
22.790
22.780
22.790
22.780
22.780
22.760
22.780
22.780
22.780
22.780
22.780
22.780
22.780
22.740
22.780
22.740
22.780
22.740
22.760
22.780
22.760
22.780
22.740
22.760
22.760
22.760
22.760
22.760
22.760
22.740
22.760
22.740
22.760
22.760
22.760
22.760
22.760
22.760
22.760
22.760
22.760
22.760
22.740
22.760
22.760
22.710
22.740
22.740
22.710
22.740
22.740
22.710
22.740
22.740
22.760
22.740
22.740
22.740
22.740
22.740
22.690
22.740
22.740
22.740
22.710
22.730
22.740
22.730
22.710
22.730
22.730
22.730
22.710
22.730
22.730
22.710
22.730
22.730
22.730
22.730
22.730
22.730
22.710
22.730
22.730
22.730
22.680
22.730
22.730
22.710
22.710
22.710
22.710
22.710
22.710
22.710
22.690
22.710
22.710
22.710
22.710
22.710
22.680
22.710
22.710
22.710
22.710
22.710
22.710
22.710
22.710
22.710
22.710
22.710
22.730
22.740
22.760
22.780
22.840
22.890
22.940
23.010
23.060
23.110
23.140
23.180
23.210
23.240
23.260
23.290
23.310
23.330
23.340
23.360
23.380
23.390
23.380
23.430
23.440
23.410
23.460
23.480
23.480
23.490
23.510
23.510
23.510
23.530
23.550
23.550
23.560
23.560
23.580
23.580
23.580
23.610
23.610
23.610
23.610
23.630
23.630
23.650
23.650
23.650
23.660
23.650
23.660
23.660
23.680
23.680
23.680
23.700
23.700
23.700
23.700
23.700
23.710
23.710
23.710
23.710
23.730
23.710
23.730
23.710
23.750
23.750
23.750
23.760
23.760
23.760
23.760
23.760
23.780
23.780
23.760
23.780
23.780
23.780
23.820
23.800
23.800
23.820
23.820
23.820
23.830
23.830
23.830
23.850
23.850
23.830
23.820
23.870
23.870
23.880
23.880
23.850
23.900
23.900
23.900
23.900
23.900
23.880
23.920
23.920
23.920
23.920
23.920
23.920
23.920
23.920
23.920
23.920
23.920
23.920
23.920
23.920
23.920
23.900
23.880
23.900
23.880
23.880
23.880
23.880
23.870
23.870
23.870
23.870
23.870
23.850
23.870
23.870
23.870
23.830
23.830
23.850
23.850
23.850
23.850
23.850
23.830
23.830
23.800
23.830
23.820
23.800
23.800
23.780
23.780
23.760
23.750
23.730
23.710
23.660
23.700
23.650
23.630
23.610
23.580
23.560
23.550
23.530
23.490
23.480
23.440
23.410
23.390
23.380
23.340
23.310
23.310
23.280
23.260
23.240
23.230
23.190
23.180
23.160
23.140
23.130
23.110
23.110
23.080
23.060
23.030
23.030
23.010
23.010
22.990
22.980
22.960
22.940
22.960
22.940
22.940
22.930
22.930
22.910
22.910
22.890
22.890
22.890
22.860
22.880
22.860
22.810
22.840
22.840
22.840
22.830
22.810
22.780
22.790
22.780
22.740
22.760
22.760
22.710
22.740
22.730
22.710
22.680
22.690
22.680
22.640
22.680
22.660
22.630
22.640
22.640
22.630
22.630
22.590
22.610
22.580
22.590
22.590
22.580
22.580
22.580
22.580
22.560
22.580
22.560
22.540
22.540
22.540
22.540
22.530
22.510
22.510
22.510
22.490
22.510
22.490
